191.16748	69.00011	AO02	1	-51.4	-4.5	0.396472025811727c	0	2	1	15
191.171	69.01066667	AO02	0	-52.7	-46.262	1.25228447693688c	1	2	1	15
191.1678333	72.0005	AO26	0	-50.5	-44.797	1.34209176633809c	1	3	2	15
191.1681283	72.00055333	AO26	1	-50.6	-4.5	0.77038380728827c	1	3	2	15
191.2091283	73.49184	AO25	1	-115	-4.5	0.396472025811727c	0	3	3	15
191.1896667	73.49866667	AO25	0	-115.8	-108.691	1.66464852726437c	1	3	3	15
201.5616667	71.31966667	AO15	0	-114.6	-109.653	0.73797678803132c	1	4	4	15
201.5616667	71.31966667	AO15	0	-114.6	-28.554	0.700948372256756c	1	4	4	15
201.597435	71.32166	AO15	1	-114.8	-4.5	0.502728739393392c	1	4	4	15
194.9910217	74.99912	AO21	1	-546	-4.5	1.00273835259047c	1	5	5	15
195.0423333	75.0145	AO21	0	-551	-25.324	0.422189985954646c	1	5	5	15
199.9853967	75.174125	AO10	1	-1979	-4.5	0.596710300356624c	1	5	6	15
199.9853333	75.17783333	AO10	0	-1983	-14.62	0.670549009096073c	1	5	6	15
